<?xml version="1.0" encoding="UTF-8" standalone="no"?>
<svg width="13px" height="13px" viewBox="0 0 13 13" version="1.1" xmlns="http://www.w3.org/2000/svg" xmlns:xlink="http://www.w3.org/1999/xlink">
    <!-- Generator: Sketch 50.2 (55047) - http://www.bohemiancoding.com/sketch -->
    <title>icon-quote</title>
    <desc>Created with Sketch.</desc>
    <defs></defs>
    <g id="Page-1" stroke="none" stroke-width="1" fill="none" fill-rule="evenodd">
        <g id="icon-quote" fill="#4EA6F6" fill-rule="nonzero">
            <path d="M13,10.267 C13,10.433 12.97,10.65 12.908,10.918 C12.8624887,11.1340767 12.7975584,11.3456023 12.714,11.55 C12.584,11.858 12.209,12.184 11.587,12.53 C11.009,12.843 10.437,13 9.87,13 C9.704,13 9.54,12.99 9.38,12.968 C9.20079087,12.9420342 9.02367121,12.9032684 8.85,12.852 C8.70408138,12.8114938 8.55935515,12.7668088 8.416,12.718 C8.24452878,12.6562865 8.07352394,12.5932847 7.903,12.529 C7.75301621,12.4718247 7.60233826,12.4164872 7.451,12.363 C6.88649991,12.1661679 6.34473575,11.9093663 5.835,11.597 C5.054,11.11 4.241,10.446 3.398,9.602 C2.554,8.759 1.89,7.946 1.403,7.165 C1.09063371,6.65526425 0.833832128,6.11350009 0.637,5.549 C0.583512768,5.39766174 0.528175291,5.24698379 0.471,5.097 C0.406381153,4.92647887 0.343046028,4.75547403 0.281,4.584 C0.232527167,4.44063443 0.188175605,4.29590827 0.148,4.15 C0.0967316201,3.97632879 0.0579658094,3.79920913 0.032,3.62 C0.0103881761,3.457566 -0.000302492386,3.29386514 8.47032947e-22,3.13 C8.47032947e-22,2.564 0.157,1.991 0.47,1.413 C0.816,0.791 1.142,0.415 1.45,0.286 C1.603,0.219 1.814,0.154 2.082,0.092 C2.35,0.031 2.567,0 2.733,0 C2.819,0 2.883,0.01 2.927,0.028 C3.037,0.065 3.201,0.298 3.417,0.729 C3.484,0.846 3.577,1.013 3.693,1.228 C3.81,1.443 3.918,1.638 4.016,1.814 C4.115,1.99 4.21,2.154 4.303,2.308 L4.464,2.539 C4.554,2.669 4.62,2.778 4.663,2.867 C4.706,2.957 4.727,3.044 4.727,3.13 C4.727,3.253 4.64,3.407 4.464,3.592 C4.28805718,3.77691639 4.09670041,3.94652807 3.892,4.099 C3.69013316,4.24918037 3.49869314,4.41288998 3.319,4.589 C3.144,4.761 3.056,4.903 3.056,5.013 C3.056,5.069 3.071,5.138 3.102,5.221 C3.133,5.304 3.159,5.367 3.181,5.411 C3.202,5.454 3.245,5.527 3.31,5.632 C3.375,5.737 3.41,5.795 3.416,5.808 C3.84777519,6.60278236 4.3886914,7.33320436 5.023,7.978 C5.66786056,8.61195554 6.39827941,9.15253281 7.193,9.584 C7.205,9.59 7.263,9.625 7.368,9.69 C7.473,9.755 7.546,9.798 7.589,9.82 C7.633,9.84 7.696,9.867 7.779,9.898 C7.862,9.928 7.931,9.944 7.987,9.944 C8.097,9.944 8.239,9.856 8.411,9.681 C8.58711002,9.50130686 8.75081963,9.30986684 8.901,9.108 C9.05347193,8.90329959 9.22308361,8.71194282 9.408,8.536 C9.593,8.36 9.747,8.273 9.87,8.273 C9.956,8.273 10.044,8.294 10.133,8.337 C10.223,8.38 10.332,8.447 10.461,8.536 L10.691,8.697 C10.846,8.79 11.011,8.885 11.186,8.984 C11.361,9.082 11.556,9.19 11.772,9.307 C11.987,9.424 12.154,9.517 12.271,9.584 C12.701,9.799 12.935,9.962 12.972,10.074 C12.9934925,10.1359745 13.0029948,10.2014729 13,10.267 Z" id="Shape"></path>
        </g>
    </g>
</svg>